*SCENE 0 100 30 160 0 37
*OBJECT 0 0 -1 0 0 0 0 -1 1
*NAME Polygonal_Metalon null 
*MATWORLD     1.0000     0.0000     0.0000     0.0000     0.0000     1.0000     0.0000     0.0000     0.0000     0.0000     1.0000     0.0000    -4.0483     0.0000    -5.9491     1.0000
*OBJECT 1 0 -1 0 0 0 0 1 1
*NAME Rig null 
*MATWORLD    -0.0000     1.0000     0.0000     0.0000     1.0000     0.0000     0.0000     0.0000     0.0000     0.0000    -1.0000     0.0000    -4.0483     0.0000    -5.9491     1.0000
	*BONEBOX 0    -4.0483     0.0000    -5.9491    -3.5483     0.5000    -5.4491    -4.5483    -0.5000    -6.4491
*OBJECT 2 0 -1 0 0 0 0 1 1
*NAME RigPelvis null 
*MATWORLD    -0.0000     0.3420    -0.9397     0.0000     1.0000     0.0000    -0.0000     0.0000     0.0000    -0.9397    -0.3420     0.0000    -4.0483   108.9347    36.6637     1.0000
	*BONEBOX 0    -4.0483   108.9347    36.6637    -3.5483   109.4347    37.1637    -4.5483   108.4347    36.1637
*OBJECT 3 0 -1 0 0 0 0 1 -1
*NAME RigSpine RigPelvis 
*MATWORLD     0.0000    -0.0684    -0.9977     0.0000     1.0000     0.0000     0.0000     0.0000     0.0000    -0.9977     0.0684     0.0000    -4.0483   108.9347    36.6637     1.0000
	*BONEBOX 0    -4.0483   108.9347    36.6637    -3.5483   109.4347    37.1637    -4.5483   108.4347    36.1637
*OBJECT 4 0 -1 0 0 0 0 1 -1
*NAME RigRibcage RigSpine 
*MATWORLD    -0.0000     0.0000    -1.0000     0.0000     1.0000     0.0000    -0.0000     0.0000     0.0000    -1.0000    -0.0000     0.0000    -4.0481   103.1065   -48.3322     1.0000
	*BONEBOX 0    -4.0481   103.1065   -48.3322    -3.5481   103.6065   -47.8322    -4.5481   102.6065   -48.8322
*OBJECT 5 0 -1 0 0 0 0 1 -1
*NAME RigNeck RigRibcage 
*MATWORLD     0.0000    -0.1336    -0.9910     0.0000     1.0000     0.0000     0.0000     0.0000     0.0000    -0.9910     0.1336     0.0000    -4.0481   103.1065   -48.3322     1.0000
	*BONEBOX 0    -4.0481   103.1065   -48.3322    -3.5481   103.6065   -47.8322    -4.5481   102.6065   -48.8322
*OBJECT 6 0 -1 0 0 0 0 1 -1
*NAME RigHead RigNeck 
*MATWORLD    -0.0000    -0.0872    -0.9962     0.0000     1.0000     0.0000    -0.0000     0.0000     0.0000    -0.9962     0.0872     0.0000    -4.0481    97.8263   -87.4866     1.0000
	*BONEBOX 0    -4.0481    97.8263   -87.4866    -3.5481    98.3263   -86.9866    -4.5481    97.3263   -87.9866
*OBJECT 7 0 -1 0 0 0 0 1 -1
*NAME RigJaw RigHead 
*MATWORLD    -0.0000    -0.4226    -0.9063     0.0000     1.0000     0.0000    -0.0000     0.0000     0.0000    -0.9063     0.4226     0.0000    -4.0481    60.1451   -76.9041     1.0000
	*BONEBOX 0    -4.0481    60.1451   -76.9041    -3.5481    60.6451   -76.4041    -4.5481    59.6451   -77.4041
*OBJECT 8 0 -1 0 0 0 0 1 -1
*NAME RigLLeg011 RigRibcage 
*MATWORLD     0.7988    -0.4067    -0.4432     0.0000    -0.4706    -0.8815    -0.0394     0.0000    -0.3747     0.2401    -0.8955     0.0000    30.4637    53.2974   -59.3117     1.0000
	*BONEBOX 0    30.4637    53.2974   -59.3117    30.9637    53.7974   -58.8117    29.9637    52.7974   -59.8117
*OBJECT 9 0 -1 0 0 0 0 1 -1
*NAME RigLLeg012 RigLLeg011 
*MATWORLD     0.2483     0.8165    -0.5212     0.0000    -0.0968    -0.5145    -0.8520     0.0000    -0.9638     0.2620    -0.0487     0.0000    98.1408    18.8455   -96.8631     1.0000
	*BONEBOX 0    98.1408    18.8455   -96.8631    98.6408    19.3455   -96.3631    97.6408    18.3455   -97.3631
*OBJECT 10 0 -1 0 0 0 0 1 -1
*NAME RigLLeg013 RigLLeg012 
*MATWORLD     0.5298    -0.8205    -0.2147     0.0000    -0.8384    -0.4685    -0.2785     0.0000     0.1279     0.3275    -0.9361     0.0000   111.7940    63.7428  -125.5245     1.0000
	*BONEBOX 0   111.7940    63.7428  -125.5245   112.2940    64.2428  -125.0245   111.2940    63.2428  -126.0245
*OBJECT 11 0 -1 0 0 0 0 1 -1
*NAME RigRLeg011 RigRibcage 
*MATWORLD    -0.7989    -0.4066    -0.4432     0.0000    -0.4705     0.8815     0.0395     0.0000     0.3746     0.2400    -0.8956     0.0000   -38.5599    53.2974   -59.3117     1.0000
	*BONEBOX 0   -38.5599    53.2974   -59.3117   -38.0599    53.7974   -58.8117   -39.0599    52.7974   -59.8117
*OBJECT 12 0 -1 0 0 0 0 1 -1
*NAME RigRLeg012 RigRLeg011 
*MATWORLD    -0.2484     0.8165    -0.5213     0.0000    -0.0966     0.5146     0.8520     0.0000     0.9638     0.2620    -0.0489     0.0000  -106.2450    18.8548   -96.8573     1.0000
	*BONEBOX 0  -106.2450    18.8548   -96.8573  -105.7450    19.3548   -96.3573  -106.7450    18.3548   -97.3573
*OBJECT 13 0 -1 0 0 0 0 1 -1
*NAME RigRLeg013 RigRLeg012 
*MATWORLD    -0.5297    -0.8206    -0.2147     0.0000    -0.8384     0.4682     0.2789     0.0000    -0.1283     0.3278    -0.9360     0.0000  -119.9028    63.7496  -125.5204     1.0000
	*BONEBOX 0  -119.9028    63.7496  -125.5204  -119.4028    64.2496  -125.0204  -120.4028    63.2496  -126.0204
*OBJECT 14 0 -1 0 0 0 0 1 -1
*NAME RigLLeg021 RigRibcage 
*MATWORLD     0.9693    -0.2448     0.0247     0.0000    -0.2456    -0.9685     0.0410     0.0000     0.0139    -0.0458    -0.9989     0.0000    40.4406    54.5107   -18.7180     1.0000
	*BONEBOX 0    40.4406    54.5107   -18.7180    40.9406    55.0107   -18.2180    39.9406    54.0107   -19.2180
*OBJECT 15 0 -1 0 0 0 0 1 -1
*NAME RigLLeg022 RigLLeg021 
*MATWORLD     0.2322     0.9578    -0.1694     0.0000    -0.4831    -0.0376    -0.8747     0.0000    -0.8442     0.2849     0.4540     0.0000   119.7094    34.4930   -16.7017     1.0000
	*BONEBOX 0   119.7094    34.4930   -16.7017   120.2094    34.9930   -16.2017   119.2094    33.9930   -17.2017
*OBJECT 16 0 -1 0 0 0 0 1 -1
*NAME RigLLeg023 RigLLeg022 
*MATWORLD     0.5224    -0.8513     0.0488     0.0000    -0.7233    -0.4727    -0.5035     0.0000     0.4517     0.2277    -0.8626     0.0000   130.9743    80.9666   -24.9212     1.0000
	*BONEBOX 0   130.9743    80.9666   -24.9212   131.4743    81.4666   -24.4212   130.4743    80.4666   -25.4212
*OBJECT 17 0 -1 0 0 0 0 1 -1
*NAME RigRLeg021 RigRibcage 
*MATWORLD    -0.9693    -0.2448     0.0247     0.0000    -0.2456     0.9685    -0.0410     0.0000    -0.0138    -0.0458    -0.9989     0.0000   -48.5368    54.5106   -18.7180     1.0000
	*BONEBOX 0   -48.5368    54.5106   -18.7180   -48.0368    55.0106   -18.2180   -49.0368    54.0106   -19.2180
*OBJECT 18 0 -1 0 0 0 0 1 -1
*NAME RigRLeg022 RigRLeg021 
*MATWORLD    -0.2322     0.9578    -0.1694     0.0000    -0.4832     0.0376     0.8747     0.0000     0.8442     0.2849     0.4541     0.0000  -127.8057    34.4931   -16.7018     1.0000
	*BONEBOX 0  -127.8057    34.4931   -16.7018  -127.3057    34.9931   -16.2018  -128.3057    33.9931   -17.2018
*OBJECT 19 0 -1 0 0 0 0 1 -1
*NAME RigRLeg023 RigRLeg022 
*MATWORLD    -0.5224    -0.8513     0.0488     0.0000    -0.7233     0.4727     0.5034     0.0000    -0.4516     0.2277    -0.8627     0.0000  -139.0707    80.9667   -24.9213     1.0000
	*BONEBOX 0  -139.0707    80.9667   -24.9213  -138.5707    81.4667   -24.4213  -139.5707    80.4667   -25.4213
*OBJECT 20 0 -1 0 0 0 0 1 -1
*NAME RigTail1 RigPelvis 
*MATWORLD     0.0000    -0.6698     0.7425     0.0000     1.0000    -0.0000    -0.0000     0.0000     0.0000     0.7425     0.6698     0.0000    -4.0483    93.8058    59.7097     1.0000
	*BONEBOX 0    -4.0483    93.8058    59.7097    -3.5483    94.3058    60.2097    -4.5483    93.3058    59.2097
*OBJECT 21 0 -1 0 0 0 0 1 -1
*NAME RigTail2 RigTail1 
*MATWORLD     0.0000    -0.7098     0.7044     0.0000     1.0000    -0.0000    -0.0000     0.0000     0.0000     0.7044     0.7098     0.0000    -4.0483    61.1270    95.9350     1.0000
	*BONEBOX 0    -4.0483    61.1270    95.9350    -3.5483    61.6270    96.4350    -4.5483    60.6270    95.4350
*OBJECT 22 0 -1 0 0 0 0 1 -1
*NAME RigTail3 RigTail2 
*MATWORLD     0.0000    -0.4022     0.9156     0.0000     1.0000    -0.0000    -0.0000     0.0000     0.0000     0.9156     0.4022     0.0000    -4.0483    43.5819   113.3465     1.0000
	*BONEBOX 0    -4.0483    43.5819   113.3465    -3.5483    44.0819   113.8465    -4.5483    43.0819   112.8465
*OBJECT 23 0 -1 0 0 0 0 1 -1
*NAME RigTail4 RigTail3 
*MATWORLD     0.0000    -0.2195     0.9756     0.0000     1.0000    -0.0000    -0.0000     0.0000     0.0000     0.9756     0.2195     0.0000    -4.0483    34.5374   133.9350     1.0000
	*BONEBOX 0    -4.0483    34.5374   133.9350    -3.5483    35.0374   134.4350    -4.5483    34.0374   133.4350
*OBJECT 24 0 -1 0 0 0 0 1 -1
*NAME RigTail5 RigTail4 
*MATWORLD     0.0000    -0.1736     0.9848     0.0000     1.0000    -0.0000    -0.0000     0.0000     0.0000     0.9848     0.1736     0.0000    -4.0483    30.2650   152.9291     1.0000
	*BONEBOX 0    -4.0483    30.2650   152.9291    -3.5483    30.7650   153.4291    -4.5483    29.7650   152.4291
*OBJECT 25 0 -1 0 0 0 0 1 -1
*NAME RigLLeg031 RigPelvis 
*MATWORLD     0.7572    -0.3964     0.5192     0.0000     0.5205     0.8464    -0.1130     0.0000    -0.3946     0.3558     0.8472     0.0000    39.5070    53.3730    22.8960     1.0000
	*BONEBOX 0    39.5070    53.3730    22.8960    40.0070    53.8730    23.3960    39.0070    52.8730    22.3960
*OBJECT 26 0 -1 0 0 0 0 1 -1
*NAME RigLLeg032 RigLLeg031 
*MATWORLD     0.0300     0.9292     0.3683     0.0000    -0.9798    -0.0455     0.1946     0.0000     0.1976    -0.3667     0.9091     0.0000   106.5996    18.2513    68.8974     1.0000
	*BONEBOX 0   106.5996    18.2513    68.8974   107.0996    18.7513    69.3974   106.0996    17.7513    68.3974
*OBJECT 27 0 -1 0 0 0 0 1 -1
*NAME RigLLeg033 RigLLeg032 
*MATWORLD     0.5103    -0.7643     0.3943     0.0000    -0.8389    -0.5433     0.0325     0.0000     0.1894    -0.3473    -0.9184     0.0000   108.0816    64.1079    87.0709     1.0000
	*BONEBOX 0   108.0816    64.1079    87.0709   108.5816    64.6079    87.5709   107.5816    63.6079    86.5709
*OBJECT 28 0 -1 0 0 0 0 1 -1
*NAME RigRLeg031 RigPelvis 
*MATWORLD    -0.7572    -0.3964     0.5192     0.0000     0.5205    -0.8464     0.1130     0.0000     0.3946     0.3558     0.8472     0.0000   -47.6036    53.3730    22.8960     1.0000
	*BONEBOX 0   -47.6036    53.3730    22.8960   -47.1036    53.8730    23.3960   -48.1036    52.8730    22.3960
*OBJECT 29 0 -1 0 0 0 0 1 -1
*NAME RigRLeg032 RigRLeg031 
*MATWORLD    -0.0300     0.9292     0.3683     0.0000    -0.9798     0.0455    -0.1946     0.0000    -0.1976    -0.3667     0.9091     0.0000  -114.6961    18.2513    68.8974     1.0000
	*BONEBOX 0  -114.6961    18.2513    68.8974  -114.1961    18.7513    69.3974  -115.1961    17.7513    68.3974
*OBJECT 30 0 -1 0 0 0 0 1 -1
*NAME RigRLeg033 RigRLeg032 
*MATWORLD    -0.5103    -0.7643     0.3943     0.0000    -0.8389     0.5433    -0.0325     0.0000    -0.1894    -0.3473    -0.9184     0.0000  -116.1781    64.1079    87.0710     1.0000
	*BONEBOX 0  -116.1781    64.1079    87.0710  -115.6781    64.6079    87.5710  -116.6781    63.6079    86.5710
*OBJECT 31 0 -1 0 0 0 0 1 1
*NAME RigLLeg01Platform null 
*MATWORLD    -0.0000     1.0000     0.0000     0.0000     1.0000     0.0000     0.0000     0.0000     0.0000     0.0000    -1.0000     0.0000   152.9549     0.0000  -142.2033     1.0000
	*BONEBOX 0   152.9549     0.0000  -142.2033   153.4549     0.5000  -141.7033   152.4549    -0.5000  -142.7033
*OBJECT 32 0 -1 0 0 0 0 1 1
*NAME RigRLeg01Platform null 
*MATWORLD    -0.0000     1.0000     0.0000     0.0000     1.0000     0.0000     0.0000     0.0000     0.0000     0.0000    -1.0000     0.0000  -161.0515     0.0000  -142.2034     1.0000
	*BONEBOX 0  -161.0515     0.0000  -142.2034  -160.5515     0.5000  -141.7034  -161.5515    -0.5000  -142.7034
*OBJECT 33 0 -1 0 0 0 0 1 1
*NAME RigLLeg02Platform null 
*MATWORLD    -0.0000     1.0000     0.0000     0.0000     1.0000     0.0000     0.0000     0.0000     0.0000     0.0000    -1.0000     0.0000   180.6580     0.0000   -20.2823     1.0000
	*BONEBOX 0   180.6580     0.0000   -20.2823   181.1580     0.5000   -19.7823   180.1580    -0.5000   -20.7823
*OBJECT 34 0 -1 0 0 0 0 1 1
*NAME RigRLeg02Platform null 
*MATWORLD    -0.0000     1.0000     0.0000     0.0000     1.0000     0.0000     0.0000     0.0000     0.0000     0.0000    -1.0000     0.0000  -188.7545     0.0000   -20.2824     1.0000
	*BONEBOX 0  -188.7545     0.0000   -20.2824  -188.2545     0.5000   -19.7824  -189.2545    -0.5000   -20.7824
*OBJECT 35 0 -1 0 0 0 0 1 1
*NAME RigLLeg03Platform null 
*MATWORLD    -0.0000     1.0000     0.0000     0.0000     1.0000     0.0000     0.0000     0.0000     0.0000     0.0000    -1.0000     0.0000   150.8799    -0.0000   120.1396     1.0000
	*BONEBOX 0   150.8799    -0.0000   120.1396   151.3799     0.5000   120.6396   150.3799    -0.5000   119.6396
*OBJECT 36 0 -1 0 0 0 0 1 1
*NAME RigRLeg03Platform null 
*MATWORLD    -0.0000     1.0000     0.0000     0.0000     1.0000     0.0000     0.0000     0.0000     0.0000     0.0000    -1.0000     0.0000  -158.9765    -0.0000   120.1395     1.0000
	*BONEBOX 0  -158.9765    -0.0000   120.1395  -158.4765     0.5000   120.6395  -159.4765    -0.5000   119.6395
BONE_COUNT 37 
    1.0000     0.0000     0.0000     0.0000     0.0000     1.0000     0.0000     0.0000     0.0000     0.0000     1.0000     0.0000     4.0483    -0.0000     5.9491     1.0000
   -0.0000     1.0000     0.0000     0.0000     1.0000     0.0000     0.0000     0.0000     0.0000     0.0000    -1.0000     0.0000    -0.0000     4.0483    -5.9491     1.0000
   -0.0000     1.0000     0.0000     0.0000     0.3420     0.0000    -0.9397     0.0000    -0.9397    -0.0000    -0.3420     0.0000    -2.8052     4.0483   114.9049     1.0000
    0.0000     1.0000     0.0000     0.0000    -0.0684     0.0000    -0.9977     0.0000    -0.9977     0.0000     0.0684     0.0000    44.0301     4.0482   106.1714     1.0000
   -0.0000     1.0000     0.0000     0.0000     0.0000     0.0000    -1.0000     0.0000    -1.0000    -0.0000    -0.0000     0.0000   -48.3322     4.0481   103.1065     1.0000
    0.0000     1.0000     0.0000     0.0000    -0.1336     0.0000    -0.9910     0.0000    -0.9910     0.0000     0.1336     0.0000   -34.1189     4.0481   108.6409     1.0000
   -0.0000     1.0000     0.0000     0.0000    -0.0872     0.0000    -0.9962     0.0000    -0.9962    -0.0000     0.0872     0.0000   -78.6276     4.0481   105.0790     1.0000
   -0.0000     1.0000     0.0000     0.0000    -0.4226     0.0000    -0.9063     0.0000    -0.9063    -0.0000     0.4226     0.0000   -44.2803     4.0481    87.0111     1.0000
    0.7988    -0.4706    -0.3747     0.0000    -0.4067    -0.8815     0.2401     0.0000    -0.4432    -0.0394    -0.8955     0.0000   -28.9515    58.9793   -54.4957     1.0000
    0.2483    -0.0968    -0.9638     0.0000     0.8165    -0.5145     0.2620     0.0000    -0.5212    -0.8520    -0.0487     0.0000   -90.2432   -63.3377    84.9335     1.0000
    0.5298    -0.8384     0.1279     0.0000    -0.8205    -0.4685     0.3275     0.0000    -0.2147    -0.2785    -0.9361     0.0000   -33.8788    88.6388  -152.6854     1.0000
   -0.7989    -0.4705     0.3746     0.0000    -0.4066     0.8815     0.2400     0.0000    -0.4432     0.0395    -0.8956     0.0000   -35.4246   -62.7833   -51.4657     1.0000
   -0.2484    -0.0966     0.9638     0.0000     0.8165     0.5146     0.2620     0.0000    -0.5213     0.8520    -0.0489     0.0000   -92.2712    62.5529    92.7253     1.0000
   -0.5297    -0.8384    -0.1283     0.0000    -0.8206     0.4682     0.3278     0.0000    -0.2147     0.2789    -0.9360     0.0000   -38.1506   -95.3688  -153.7706     1.0000
    0.9693    -0.2456     0.0139     0.0000    -0.2448    -0.9685    -0.0458     0.0000     0.0247     0.0410    -0.9989     0.0000   -25.3938    63.4933   -16.7622     1.0000
    0.2322    -0.4831    -0.8442     0.0000     0.9578    -0.0376     0.2849     0.0000    -0.1694    -0.8747     0.4540     0.0000   -63.6597    44.5235    98.8138     1.0000
    0.5224    -0.7233     0.4517     0.0000    -0.8513    -0.4727     0.2277     0.0000     0.0488    -0.5035    -0.8626     0.0000     1.7228   120.4520   -99.0920     1.0000
   -0.9693    -0.2456    -0.0138     0.0000    -0.2448     0.9685    -0.0458     0.0000     0.0247    -0.0410    -0.9989     0.0000   -33.2414   -65.4818   -16.8743     1.0000
   -0.2322    -0.4832     0.8442     0.0000     0.9578     0.0376     0.2849     0.0000    -0.1694     0.8747     0.4541     0.0000   -65.5397   -48.4423   105.6451     1.0000
   -0.5224    -0.7233    -0.4516     0.0000    -0.8513     0.4727     0.2277     0.0000     0.0488     0.5034    -0.8627     0.0000    -2.5054  -126.3136  -102.7423     1.0000
    0.0000     1.0000     0.0000     0.0000    -0.6698    -0.0000     0.7425     0.0000     0.7425    -0.0000     0.6698     0.0000    18.4981     4.0483  -109.6477     1.0000
    0.0000     1.0000     0.0000     0.0000    -0.7098    -0.0000     0.7044     0.0000     0.7044    -0.0000     0.7098     0.0000   -24.1886     4.0483  -111.1528     1.0000
    0.0000     1.0000     0.0000     0.0000    -0.4022    -0.0000     0.9156     0.0000     0.9156    -0.0000     0.4022     0.0000   -86.2462     4.0483   -85.4893     1.0000
    0.0000     1.0000     0.0000     0.0000    -0.2195    -0.0000     0.9756     0.0000     0.9756    -0.0000     0.2195     0.0000  -123.0908     4.0483   -63.0881     1.0000
    0.0000     1.0000     0.0000     0.0000    -0.1736    -0.0000     0.9848     0.0000     0.9848    -0.0000     0.1736     0.0000  -145.3505     4.0483   -56.3611     1.0000
    0.7572     0.5205    -0.3946     0.0000    -0.3964     0.8464     0.3558     0.0000     0.5192    -0.1130     0.8472     0.0000   -20.6456   -63.1495   -22.7951     1.0000
    0.0300    -0.9798     0.1976     0.0000     0.9292    -0.0455    -0.3667     0.0000     0.3683     0.1946     0.9091     0.0000   -45.5338    91.8719   -77.0042     1.0000
    0.5103    -0.8389     0.1894     0.0000    -0.7643    -0.5433    -0.3473     0.0000     0.3943     0.0324    -0.9184     0.0000   -40.4793   122.6752    81.7618     1.0000
   -0.7572     0.5205     0.3946     0.0000    -0.3964    -0.8464     0.3558     0.0000     0.5192     0.1130     0.8472     0.0000   -26.7763    67.3637   -19.6001     1.0000
   -0.0300    -0.9798    -0.1976     0.0000     0.9292     0.0455    -0.3667     0.0000     0.3683    -0.1946     0.9091     0.0000   -45.7770   -99.8043   -78.6048     1.0000
   -0.5103    -0.8389    -0.1894     0.0000    -0.7643     0.5433    -0.3473     0.0000     0.3943    -0.0325    -0.9184     0.0000   -44.6107  -129.4657    80.2312     1.0000
   -0.0000     1.0000     0.0000     0.0000     1.0000     0.0000     0.0000     0.0000     0.0000     0.0000    -1.0000     0.0000     0.0000  -152.9549  -142.2034     1.0000
   -0.0000     1.0000     0.0000     0.0000     1.0000     0.0000     0.0000     0.0000     0.0000     0.0000    -1.0000     0.0000    -0.0000   161.0515  -142.2033     1.0000
   -0.0000     1.0000     0.0000     0.0000     1.0000     0.0000     0.0000     0.0000     0.0000     0.0000    -1.0000     0.0000     0.0000  -180.6580   -20.2824     1.0000
   -0.0000     1.0000     0.0000     0.0000     1.0000     0.0000     0.0000     0.0000     0.0000     0.0000    -1.0000     0.0000    -0.0000   188.7545   -20.2823     1.0000
   -0.0000     1.0000     0.0000     0.0000     1.0000     0.0000     0.0000     0.0000     0.0000     0.0000    -1.0000     0.0000     0.0000  -150.8799   120.1395     1.0000
   -0.0000     1.0000     0.0000     0.0000     1.0000     0.0000     0.0000     0.0000     0.0000     0.0000    -1.0000     0.0000    -0.0000   158.9764   120.1396     1.0000
